1 716
-9.692516e-04 
-1.237952e-03 
-1.574293e-03 
-1.993312e-03 
-2.512843e-03 
-3.153902e-03 
-3.941084e-03 
-4.902970e-03 
-6.072531e-03 
-7.487511e-03 
-9.190780e-03 
-1.123061e-02 
-1.366090e-02 
-1.654123e-02 
-1.993679e-02 
-2.391819e-02 
-2.856087e-02 
-3.394447e-02 
-4.015167e-02 
-4.726685e-02 
-5.537428e-02 
-6.455597e-02 
-7.488900e-02 
-8.644255e-02 
-9.927442e-02 
-1.134272e-01 
-1.289240e-01 
-1.457643e-01 
-1.639188e-01 
-1.833254e-01 
-2.038842e-01 
-2.254533e-01 
-2.478451e-01 
-2.708232e-01 
-2.940997e-01 
-3.173348e-01 
-3.401364e-01 
-3.620624e-01 
-3.826235e-01 
-4.012893e-01 
-4.174949e-01 
-4.306509e-01 
-4.401541e-01 
-4.454009e-01 
-4.458016e-01 
-4.407974e-01 
-4.298764e-01 
-4.125923e-01 
-3.885812e-01 
-3.575796e-01 
-3.194400e-01 
-2.741454e-01 
-2.218212e-01 
-1.627443e-01 
-9.734829e-02 
-2.622516e-02 
4.987754e-02 
1.300641e-01 
2.133026e-01 
2.984415e-01 
3.842300e-01 
4.693433e-01 
5.524098e-01 
6.320419e-01 
7.068679e-01 
7.755650e-01 
8.368917e-01 
8.897191e-01 
9.330603e-01 
9.660959e-01 
9.881954e-01 
9.989344e-01 
9.981061e-01 
9.857263e-01 
9.620336e-01 
9.274827e-01 
8.827319e-01 
8.286263e-01 
7.661747e-01 
6.965238e-01 
6.209288e-01 
5.407213e-01 
4.572775e-01 
3.719845e-01 
2.862091e-01 
2.012672e-01 
1.183968e-01 
3.873345e-02 
-3.670938e-02 
-1.070566e-01 
-1.715824e-01 
-2.297176e-01 
-2.810509e-01 
-3.253276e-01 
-3.624432e-01 
-3.924343e-01 
-4.154658e-01 
-4.318165e-01 
-4.418632e-01 
-4.460627e-01 
-4.449345e-01 
-4.390432e-01 
-4.289810e-01 
-4.153526e-01 
-3.987599e-01 
-3.797895e-01 
-3.590018e-01 
-3.369219e-01 
-3.140324e-01 
-2.907686e-01 
-2.675151e-01 
-2.446044e-01 
-2.223168e-01 
-2.008816e-01 
-1.804798e-01 
-1.612469e-01 
-1.432771e-01 
-1.266277e-01 
-1.113234e-01 
-9.736126e-02 
-8.471501e-02 
-7.333966e-02 
-6.317556e-02 
-5.415220e-02 
-4.619161e-02 
-3.921133e-02 
-3.312693e-02 
-2.785418e-02 
-2.331075e-02 
-1.941756e-02 
-1.609979e-02 
-1.328762e-02 
-1.091663e-02 
-8.928040e-03 
-7.268782e-03 
-5.891362e-03 
-4.753665e-03 
-3.818648e-03 
-3.053993e-03 
-2.431712e-03 
-1.927748e-03 
-1.521563e-03 
-1.195744e-03 
-9.356259e-04 
-7.289344e-04 
-5.654615e-04 
-4.367691e-04 
-3.359238e-04 
-2.572617e-04 
-1.961823e-04 
-1.489703e-04 
-1.126419e-04 
-8.481344e-05 
-6.359137e-05 
-4.747935e-05 
-3.530109e-05 
-2.613679e-05 
-1.927084e-05 
-1.414936e-05 
-1.034580e-05 
-7.533311e-06 
-5.462671e-06 
-3.944797e-06 
-2.836923e-06 
-2.031779e-06 
-1.449153e-06 
-1.029351e-06 
-7.281590e-07 
-5.129857e-07 
-3.599174e-07 
-2.514902e-07 
-1.750098e-07 
-1.212910e-07 
-8.371855e-08 
-5.754980e-08 
-3.940006e-08 
-2.686474e-08 
-1.824327e-08 
-1.233841e-08 
-8.311002e-09 
-5.575542e-09 
-3.725305e-09 
-2.479015e-09 
-1.643011e-09 
-1.084544e-09 
-7.130190e-10 
-4.668776e-10 
-3.044771e-10 
-1.977684e-10 
-1.279415e-10 
-8.243640e-11 
-5.290311e-11 
-3.381419e-11 
-2.152650e-11 
-1.364916e-11 
-8.619798e-12 
-5.421859e-12 
-3.396724e-12 
-2.119504e-12 
-1.317258e-12 
-8.154014e-13 
-5.027322e-13 
-3.087220e-13 
-1.888273e-13 
-1.150348e-13 
-6.980105e-14 
-4.218553e-14 
-2.539421e-14 
-1.522567e-14 
-9.092628e-15 
-5.408468e-15 
-3.204290e-15 
-1.890875e-15 
-1.111393e-15 
-6.506498e-16 
-3.794044e-16 
-2.203603e-16 
-1.274797e-16 
-7.345577e-17 
-4.215884e-17 
-2.410071e-17 
-1.372303e-17 
-7.783049e-18 
-4.396728e-18 
-2.473946e-18 
-1.386538e-18 
-7.740255e-19 
-4.303887e-19 
-2.383687e-19 
-1.314985e-19 
-7.225632e-20 
-3.954715e-20 
-2.155952e-20 
-1.170706e-20 
-6.332023e-21 
-3.411323e-21 
-1.830583e-21 
-9.784597e-22 
-5.209351e-22 
-2.762561e-22 
-1.459244e-22 
-7.677724e-23 
-4.023701e-23 
-2.100429e-23 
-1.092144e-23 
-5.656419e-24 
-2.918054e-24 
-1.499463e-24 
-7.674834e-25 
-3.912852e-25 
-1.987052e-25 
-1.005118e-25 
-5.064273e-26 
-2.541614e-26 
-1.270559e-26 
-6.326641e-27 
-3.137942e-27 
-1.550281e-27 
-7.629037e-28 
-3.739584e-28 
-1.825877e-28 
-8.880031e-29 
-4.301822e-29 
-2.075802e-29 
-9.977340e-30 
-4.776828e-30 
-2.278035e-30 
-1.082126e-30 
-5.120254e-31 
-2.413249e-31 
-1.132948e-31 
-5.298036e-32 
-2.467842e-32 
-1.145032e-32 
-5.291953e-33 
-2.436197e-33 
-1.117139e-33 
-5.102709e-34 
-2.321631e-34 
-1.052167e-34 
-4.749797e-35 
-2.135822e-35 
-9.566537e-36 
-4.268195e-36 
-1.896854e-36 
-8.396988e-37 
-3.702658e-37 
-1.626314e-37 
-7.115342e-38 
-3.100903e-38 
-1.346114e-38 
-5.820718e-39 
-2.507107e-39 
-1.075649e-39 
-4.596960e-40 
-1.956913e-40 
-8.298069e-41 
-3.504928e-41 
-1.474586e-41 
-6.179726e-42 
-2.579790e-42 
-1.073395e-42 
-4.442116e-43 
-1.835701e-43 
-7.567012e-44 
-3.082857e-44 
-1.261169e-44 
-5.605194e-45 
-1.401298e-45 
-1.401298e-45 
-0.000000e+00 
-0.000000e+00 
-0.000000e+00 
-0.000000e+00 
-0.000000e+00 
-0.000000e+00 
-0.000000e+00 
-0.000000e+00 
-0.000000e+00 
-0.000000e+00 
-0.000000e+00 
-0.000000e+00 
-0.000000e+00 
-0.000000e+00 
-0.000000e+00 
-0.000000e+00 
-0.000000e+00 
-0.000000e+00 
-0.000000e+00 
-0.000000e+00 
-0.000000e+00 
-0.000000e+00 
-0.000000e+00 
-0.000000e+00 
-0.000000e+00 
-0.000000e+00 
-0.000000e+00 
-0.000000e+00 
-0.000000e+00 
-0.000000e+00 
-0.000000e+00 
-0.000000e+00 
-0.000000e+00 
-0.000000e+00 
-0.000000e+00 
-0.000000e+00 
-0.000000e+00 
-0.000000e+00 
-0.000000e+00 
-0.000000e+00 
-0.000000e+00 
-0.000000e+00 
-0.000000e+00 
-0.000000e+00 
-0.000000e+00 
-0.000000e+00 
-0.000000e+00 
-0.000000e+00 
-0.000000e+00 
-0.000000e+00 
-0.000000e+00 
-0.000000e+00 
-0.000000e+00 
-0.000000e+00 
-0.000000e+00 
-0.000000e+00 
-0.000000e+00 
-0.000000e+00 
-0.000000e+00 
-0.000000e+00 
-0.000000e+00 
-0.000000e+00 
-0.000000e+00 
-0.000000e+00 
-0.000000e+00 
-0.000000e+00 
-0.000000e+00 
-0.000000e+00 
-0.000000e+00 
-0.000000e+00 
-0.000000e+00 
-0.000000e+00 
-0.000000e+00 
-0.000000e+00 
-0.000000e+00 
-0.000000e+00 
-0.000000e+00 
-0.000000e+00 
-0.000000e+00 
-0.000000e+00 
-0.000000e+00 
-0.000000e+00 
-0.000000e+00 
-0.000000e+00 
-0.000000e+00 
-0.000000e+00 
-0.000000e+00 
-0.000000e+00 
-0.000000e+00 
-0.000000e+00 
-0.000000e+00 
-0.000000e+00 
-0.000000e+00 
-0.000000e+00 
-0.000000e+00 
-0.000000e+00 
-0.000000e+00 
-0.000000e+00 
-0.000000e+00 
-0.000000e+00 
-0.000000e+00 
-0.000000e+00 
-0.000000e+00 
-0.000000e+00 
-0.000000e+00 
-0.000000e+00 
-0.000000e+00 
-0.000000e+00 
-0.000000e+00 
-0.000000e+00 
-0.000000e+00 
-0.000000e+00 
-0.000000e+00 
-0.000000e+00 
-0.000000e+00 
-0.000000e+00 
-0.000000e+00 
-0.000000e+00 
-0.000000e+00 
-0.000000e+00 
-0.000000e+00 
-0.000000e+00 
-0.000000e+00 
-0.000000e+00 
-0.000000e+00 
-0.000000e+00 
-0.000000e+00 
-0.000000e+00 
-0.000000e+00 
-0.000000e+00 
-0.000000e+00 
-0.000000e+00 
-0.000000e+00 
-0.000000e+00 
-0.000000e+00 
-0.000000e+00 
-0.000000e+00 
-0.000000e+00 
-0.000000e+00 
-0.000000e+00 
-0.000000e+00 
-0.000000e+00 
-0.000000e+00 
-0.000000e+00 
-0.000000e+00 
-0.000000e+00 
-0.000000e+00 
-0.000000e+00 
-0.000000e+00 
-0.000000e+00 
-0.000000e+00 
-0.000000e+00 
-0.000000e+00 
-0.000000e+00 
-0.000000e+00 
-0.000000e+00 
-0.000000e+00 
-0.000000e+00 
-0.000000e+00 
-0.000000e+00 
-0.000000e+00 
-0.000000e+00 
-0.000000e+00 
-0.000000e+00 
-0.000000e+00 
-0.000000e+00 
-0.000000e+00 
-0.000000e+00 
-0.000000e+00 
-0.000000e+00 
-0.000000e+00 
-0.000000e+00 
-0.000000e+00 
-0.000000e+00 
-0.000000e+00 
-0.000000e+00 
-0.000000e+00 
-0.000000e+00 
-0.000000e+00 
-0.000000e+00 
-0.000000e+00 
-0.000000e+00 
-0.000000e+00 
-0.000000e+00 
-0.000000e+00 
-0.000000e+00 
-0.000000e+00 
-0.000000e+00 
-0.000000e+00 
-0.000000e+00 
-0.000000e+00 
-0.000000e+00 
-0.000000e+00 
-0.000000e+00 
-0.000000e+00 
-0.000000e+00 
-0.000000e+00 
-0.000000e+00 
-0.000000e+00 
-0.000000e+00 
-0.000000e+00 
-0.000000e+00 
-0.000000e+00 
-0.000000e+00 
-0.000000e+00 
-0.000000e+00 
-0.000000e+00 
-0.000000e+00 
-0.000000e+00 
-0.000000e+00 
-0.000000e+00 
-0.000000e+00 
-0.000000e+00 
-0.000000e+00 
-0.000000e+00 
-0.000000e+00 
-0.000000e+00 
-0.000000e+00 
-0.000000e+00 
-0.000000e+00 
-0.000000e+00 
-0.000000e+00 
-0.000000e+00 
-0.000000e+00 
-0.000000e+00 
-0.000000e+00 
-0.000000e+00 
-0.000000e+00 
-0.000000e+00 
-0.000000e+00 
-0.000000e+00 
-0.000000e+00 
-0.000000e+00 
-0.000000e+00 
-0.000000e+00 
-0.000000e+00 
-0.000000e+00 
-0.000000e+00 
-0.000000e+00 
-0.000000e+00 
-0.000000e+00 
-0.000000e+00 
-0.000000e+00 
-0.000000e+00 
-0.000000e+00 
-0.000000e+00 
-0.000000e+00 
-0.000000e+00 
-0.000000e+00 
-0.000000e+00 
-0.000000e+00 
-0.000000e+00 
-0.000000e+00 
-0.000000e+00 
-0.000000e+00 
-0.000000e+00 
-0.000000e+00 
-0.000000e+00 
-0.000000e+00 
-0.000000e+00 
-0.000000e+00 
-0.000000e+00 
-0.000000e+00 
-0.000000e+00 
-0.000000e+00 
-0.000000e+00 
-0.000000e+00 
-0.000000e+00 
-0.000000e+00 
-0.000000e+00 
-0.000000e+00 
-0.000000e+00 
-0.000000e+00 
-0.000000e+00 
-0.000000e+00 
-0.000000e+00 
-0.000000e+00 
-0.000000e+00 
-0.000000e+00 
-0.000000e+00 
-0.000000e+00 
-0.000000e+00 
-0.000000e+00 
-0.000000e+00 
-0.000000e+00 
-0.000000e+00 
-0.000000e+00 
-0.000000e+00 
-0.000000e+00 
-0.000000e+00 
-0.000000e+00 
-0.000000e+00 
-0.000000e+00 
-0.000000e+00 
-0.000000e+00 
-0.000000e+00 
-0.000000e+00 
-0.000000e+00 
-0.000000e+00 
-0.000000e+00 
-0.000000e+00 
-0.000000e+00 
-0.000000e+00 
-0.000000e+00 
-0.000000e+00 
-0.000000e+00 
-0.000000e+00 
-0.000000e+00 
-0.000000e+00 
-0.000000e+00 
-0.000000e+00 
-0.000000e+00 
-0.000000e+00 
-0.000000e+00 
-0.000000e+00 
-0.000000e+00 
-0.000000e+00 
-0.000000e+00 
-0.000000e+00 
-0.000000e+00 
-0.000000e+00 
-0.000000e+00 
-0.000000e+00 
-0.000000e+00 
-0.000000e+00 
-0.000000e+00 
-0.000000e+00 
-0.000000e+00 
-0.000000e+00 
-0.000000e+00 
-0.000000e+00 
-0.000000e+00 
-0.000000e+00 
-0.000000e+00 
-0.000000e+00 
-0.000000e+00 
-0.000000e+00 
-0.000000e+00 
-0.000000e+00 
-0.000000e+00 
-0.000000e+00 
-0.000000e+00 
-0.000000e+00 
-0.000000e+00 
-0.000000e+00 
-0.000000e+00 
-0.000000e+00 
-0.000000e+00 
-0.000000e+00 
-0.000000e+00 
-0.000000e+00 
-0.000000e+00 
-0.000000e+00 
-0.000000e+00 
-0.000000e+00 
-0.000000e+00 
-0.000000e+00 
-0.000000e+00 
-0.000000e+00 
-0.000000e+00 
-0.000000e+00 
-0.000000e+00 
-0.000000e+00 
-0.000000e+00 
-0.000000e+00 
-0.000000e+00 
-0.000000e+00 
-0.000000e+00 
-0.000000e+00 
-0.000000e+00 
-0.000000e+00 
-0.000000e+00 
-0.000000e+00 
-0.000000e+00 
-0.000000e+00 
-0.000000e+00 
-0.000000e+00 
-0.000000e+00 
-0.000000e+00 
-0.000000e+00 
-0.000000e+00 
-0.000000e+00 
-0.000000e+00 
-0.000000e+00 
-0.000000e+00 
-0.000000e+00 
-0.000000e+00 
-0.000000e+00 
-0.000000e+00 
-0.000000e+00 
-0.000000e+00 
-0.000000e+00 
-0.000000e+00 
-0.000000e+00 
-0.000000e+00 
-0.000000e+00 
-0.000000e+00 
-0.000000e+00 
-0.000000e+00 
-0.000000e+00 
-0.000000e+00 
-0.000000e+00 
-0.000000e+00 
-0.000000e+00 
-0.000000e+00 
-0.000000e+00 
