U and VP initialized.
1.50000 1.50000 1.50000 1.50000 1.50000 1.50000 1.50000 
1.50000 1.50000 1.50000 1.50000 1.50000 1.50000 1.50000 
1.50000 1.50000 1.50000 1.50000 1.50000 1.50000 1.50000 
1.50000 1.50000 1.50000 1.50000 1.50000 1.50000 1.50000 
1.50000 1.50000 1.50000 1.50000 1.50000 1.50000 1.50000 
1.50000 1.50000 1.50000 1.50000 1.50000 1.50000 1.50000 
1.50000 1.50000 1.50000 1.50000 1.50000 1.50000 1.50000 

1.50000 1.50000 1.50000 1.50000 1.50000 1.50000 1.50000 
1.50000 1.50000 1.50000 1.50000 1.50000 1.50000 1.50000 
1.50000 1.50000 1.50000 1.50000 1.50000 1.50000 1.50000 
1.50000 1.50000 1.50000 1.50000 1.50000 1.50000 1.50000 
1.50000 1.50000 1.50000 1.50000 1.50000 1.50000 1.50000 
1.50000 1.50000 1.50000 1.50000 1.50000 1.50000 1.50000 
1.50000 1.50000 1.50000 1.50000 1.50000 1.50000 1.50000 

1.50000 1.50000 1.50000 1.50000 1.50000 1.50000 1.50000 
1.50000 1.50000 1.50000 1.50000 1.50000 1.50000 1.50000 
1.50000 1.50000 1.50000 1.50000 1.50000 1.50000 1.50000 
1.50000 1.50000 1.50000 1.50000 1.50000 1.50000 1.50000 
1.50000 1.50000 1.50000 1.50000 1.50000 1.50000 1.50000 
1.50000 1.50000 1.50000 1.50000 1.50000 1.50000 1.50000 
1.50000 1.50000 1.50000 1.50000 1.50000 1.50000 1.50000 

1.50000 1.50000 1.50000 1.50000 1.50000 1.50000 1.50000 
1.50000 1.50000 1.50000 1.50000 1.50000 1.50000 1.50000 
1.50000 1.50000 1.50000 1.50000 1.50000 1.50000 1.50000 
1.50000 1.50000 1.50000 1.50000 1.50000 1.50000 1.50000 
1.50000 1.50000 1.50000 1.50000 1.50000 1.50000 1.50000 
1.50000 1.50000 1.50000 1.50000 1.50000 1.50000 1.50000 
1.50000 1.50000 1.50000 1.50000 1.50000 1.50000 1.50000 

1.50000 1.50000 1.50000 1.50000 1.50000 1.50000 1.50000 
1.50000 1.50000 1.50000 1.50000 1.50000 1.50000 1.50000 
1.50000 1.50000 1.50000 1.50000 1.50000 1.50000 1.50000 
1.50000 1.50000 1.50000 1.50000 1.50000 1.50000 1.50000 
1.50000 1.50000 1.50000 1.50000 1.50000 1.50000 1.50000 
1.50000 1.50000 1.50000 1.50000 1.50000 1.50000 1.50000 
1.50000 1.50000 1.50000 1.50000 1.50000 1.50000 1.50000 

1.50000 1.50000 1.50000 1.50000 1.50000 1.50000 1.50000 
1.50000 1.50000 1.50000 1.50000 1.50000 1.50000 1.50000 
1.50000 1.50000 1.50000 1.50000 1.50000 1.50000 1.50000 
1.50000 1.50000 1.50000 1.50000 1.50000 1.50000 1.50000 
1.50000 1.50000 1.50000 1.50000 1.50000 1.50000 1.50000 
1.50000 1.50000 1.50000 1.50000 1.50000 1.50000 1.50000 
1.50000 1.50000 1.50000 1.50000 1.50000 1.50000 1.50000 

1.50000 1.50000 1.50000 1.50000 1.50000 1.50000 1.50000 
1.50000 1.50000 1.50000 1.50000 1.50000 1.50000 1.50000 
1.50000 1.50000 1.50000 1.50000 1.50000 1.50000 1.50000 
1.50000 1.50000 1.50000 1.50000 1.50000 1.50000 1.50000 
1.50000 1.50000 1.50000 1.50000 1.50000 1.50000 1.50000 
1.50000 1.50000 1.50000 1.50000 1.50000 1.50000 1.50000 
1.50000 1.50000 1.50000 1.50000 1.50000 1.50000 1.50000 



