[ 2.29007026e-12  4.58090250e-12  6.87274413e-12  9.16481561e-12
  1.14547902e-11  1.37383230e-11  1.60085781e-11  1.82558569e-11
  2.04672668e-11  2.26266089e-11  2.47143070e-11  2.67076344e-11
  2.85810160e-11  3.03066114e-11  3.18550082e-11  3.31962617e-11
  3.43007359e-11  3.51404288e-11  3.56899579e-11  3.59276983e-11
  3.58367086e-11  3.54056055e-11  3.46290323e-11  3.35080956e-11
  3.20502305e-11  3.02690789e-11  2.81838476e-11  2.58185712e-11
  2.32012361e-11  2.03625467e-11  1.73348298e-11  1.41508125e-11
  1.08425552e-11  7.44031746e-12  3.97182330e-12  4.61404515e-13
 -3.07031635e-12 -6.60669653e-12 -1.01349979e-11 -1.36461710e-11
 -1.71341934e-11 -2.05951072e-11 -2.40266106e-11 -2.74264327e-11
 -3.07923340e-11 -3.41220698e-11 -3.74134543e-11 -4.06643053e-11
 -4.38725167e-11 -4.70360036e-11 -5.01526563e-11 -5.32204628e-11
 -5.62374348e-11 -5.92015603e-11 -6.21109622e-11 -6.49637497e-11
 -6.77580492e-11 -7.04921260e-11 -7.31641553e-11 -7.57724647e-11
 -7.83153403e-11 -8.07910960e-11 -8.31982400e-11 -8.55352109e-11
 -8.78005238e-11 -8.99926800e-11 -9.21103402e-11 -9.41521652e-11
 -9.61167881e-11 -9.80029391e-11 -9.98095287e-11 -1.01535315e-10
 -1.03179319e-10 -1.04740425e-10 -1.06217625e-10 -1.07610032e-10
 -1.08916751e-10 -1.10136941e-10 -1.11269848e-10 -1.12314880e-10
 -1.13271101e-10 -1.14138088e-10 -1.14915376e-10 -1.15602312e-10
 -1.16198537e-10 -1.16703647e-10 -1.17117357e-10 -1.17439433e-10
 -1.17669582e-10 -1.17807777e-10 -1.17853879e-10 -1.17807764e-10
 -1.17669666e-10 -1.17439475e-10 -1.17117469e-10 -1.16703758e-10
 -1.16198585e-10 -1.15602396e-10 -1.14915473e-10 -1.14138206e-10
 -1.13271253e-10 -1.12315011e-10 -1.11270035e-10 -1.10137136e-10
 -1.08916924e-10 -1.07610226e-10 -1.06217826e-10 -1.04740619e-10
 -1.03179548e-10 -1.01535613e-10 -9.98098132e-11 -9.80031958e-11
 -9.61170241e-11 -9.41524012e-11 -9.21106663e-11 -8.99929922e-11
 -8.78008360e-11 -8.55355439e-11 -8.31985730e-11 -8.07914360e-11
 -7.83156803e-11 -7.57728255e-11 -7.31645786e-11 -7.04925354e-11
 -6.77584447e-11 -6.49641521e-11 -6.21113438e-11 -5.92019558e-11
 -5.62377853e-11 -5.32208513e-11 -5.01530519e-11 -4.70364164e-11
 -4.38729261e-11 -4.06647251e-11 -3.74138429e-11 -3.41224653e-11
 -3.07927295e-11 -2.74268715e-11 -2.40270564e-11 -2.05955478e-11
 -1.71346236e-11 -1.36466047e-11 -1.01354281e-11 -6.60711937e-12
 -3.07075524e-12  4.60971268e-13  3.97139092e-12  7.43989505e-12
  1.08421293e-11  1.41504109e-11  1.73344377e-11  2.03621633e-11
  2.32008475e-11  2.58181931e-11  2.81834469e-11  3.02687077e-11
  3.20498732e-11  3.35077487e-11  3.46286957e-11  3.54052725e-11
  3.58364033e-11  3.59274138e-11  3.56896769e-11  3.51401686e-11
  3.43004826e-11  3.31960084e-11  3.18548139e-11  3.03064240e-11
  2.85808547e-11  2.67074869e-11  2.47141630e-11  2.26264736e-11
  2.04671384e-11  1.82557459e-11  1.60084897e-11  1.37382458e-11
  1.14547313e-11  9.16476617e-12  6.87270857e-12  4.58087908e-12
  2.29005898e-12]
